8
0 80 31 83 82 54 100 53 
80 0 58 82 26 35 10 20 
31 58 0 52 82 86 90 75 
83 82 52 0 14 29 41 34 
82 26 82 14 0 60 28 51 
54 35 86 29 60 0 44 66 
100 10 90 41 28 44 0 8 
53 20 75 34 51 66 8 0 
